Vraja Marii
Costinesti
10
20
Dubla/Single
300.5
242.58,208.31,106.56,95.22,301.43,293.08,396.95,315.17,77.26,306.56,215.81,261.67,360.01,76.25,353.67,145.28,135.61,139.24,170.89,121.79
Continental
Bucuresti
5
100
Dubla/Single/Rezidentiala
300.5
89.63,156.91,369.18,212.78,265.04,388.32,126.34,239.65,382.74,114.62,334.7,364.73,183.93,105.1,120.95,362.68,101.6,336.43,112.46,214.62,333.86,225.37,217.51,101.6,137.73,113.22,329.14,250.66,361.49,261.13,390.4,374.21,160.03,131.81,388.99,155.66,239.13,293.78,230.17,313.11,236.73,227.3,332.42,362.63,371.85,251.08,147.73,324.91,355.3,390.99,113.68,199.17,96.77,356.27,187.92,264.26,339.39,337.57,145.04,221.82,129.17,275.68,278.15,191.6,124.21,360.49,274.7,122.12,116.1,365.28,193.55,207.81,176.25,199.35,377.89,176.56,292.94,254.88,129.74,286.65,365.48,74.23,295.36,370.5,217.45,261.23,347.44,203.76,343.88,194.73,216.27,301.55,218.74,78.34,253.93,361.04,349.14,210.82,308.41,81.36
Star
Constanta
10
25
Dubla/Single/Rezidentiala
300.5
376.38,95.6,278.8,390.01,267.44,305.86,92.91,297.41,378.37,81.36,371.31,154.5,277.82,258.39,256.34,124.94,380.31,307.65,374.15,262.98,83.04,140.94,178.23,321.36,219
Casa Duca
Costinesti
7
20
Dubla/Single
300.5
291.99,389.07,167.9,345.42,86.84,227.41,152.11,346.46,118.38,310.26,339.87,195.42,305.34,173.06,311.58,238.32,120.02,225.38,332.51,223.41
Apex
Mamaia
3
20
Dubla/Single/Rezidentiala
300.5
131.76,93.72,360.34,222,198.99,380.73,111.48,236.66,115.43,398.31,305.44,317.36,357.44,241,375.44,316.79,325,351.99,361.53,253.94
Lux
Costinesti
5
30
Dubla/Single
300.5
289.19,208.04,229.44,348.12,316.46,329.51,144.96,204.59,132.56,94.65,363.02,315.55,245.72,167.94,157.24,268.26,98.72,345.9,216.42,106.11,185.92,315.45,301.03,120.06,74.81,92.5,237.98,134.34,197.61,394.79
Stefan
Costinesti
6
20
Dubla/Single
300.5
313.31,168.02,263.84,148.57,334.21,323.72,264.27,82.21,305.54,269.47,305.76,306.89,174.1,90.77,105.29,389.88,141.64,259.49,153.76,177.17
Luxor
Saturn
3
20
Dubla/Single
300.5
288.06,379.1,205.56,325.42,138.01,373.74,307.01,179.38,343.31,293.95,161.53,80.62,76.97,137.77,181.33,264.99,121.7,167.15,233.72,233.51
Plaja
Costinesti
3
25
Dubla/Single/Rezidentiala
300.5
73.99,86.51,110.35,346.95,200.34,279.03,211.35,280.25,84.76,84.93,350.86,378.48,380.57,90.43,176.72,334.21,362.46,338.42,80.55,360.47,86.71,154.89,138.9,81.59,177.94
Polar
Venus
5
40
Single/Dubla/Rezidentiala
300.5
295.13,299.92,106.32,309.43,240.29,338.17,374.49,95.76,320.25,173.18,271.55,338.74,258.61,195.07,258.98,232.39,96.75,164.61,328.38,343.09,183.04,100.05,386.53,361.04,247.12,302.53,183.28,156.59,273.25,216.8,319.09,347.6,98.76,239,305.21,379.11,175.02,370.81,244.47,146.75
Ana
Rm. Valcea
5
40
Single/Dubla
0.0

Roma
Ranca
5
30
Single/Dubla
0.0

Munte
Ranca
7
40
Single/Dubla
0.0

Parang
Ranca
3
40
Single/Dubla/Rezidentiala
0.0

Fulg de Nea
Ranca
4
50
Single/Dubla/Rezidentiala
0.0

Lotus
Baile Felix
10
50
Single/Dubla
0.0

Ami
Govora
7
45
Single/Dubla
0.0

Nufarul
Geoagiu Bai
8
30
Single/Dubla
0.0

International
Baile Felix
10
60
Single/Dubla/Rezidentiala
0.0

Crisana
Bihor
9
10
Single/Dubla
0.0

